        
                                                   0
                                  0               0 0
                        0 0      0     00        0
                        0    0    0 000000    00
                        0 00000000          0  0 000
                           0     0       0000    000
                      OO                 000 0
                   O  OO       00        00
                   O  O
                  O
                   O  O
                   O  OO       00        00
                      OO                 000 0
                           0     0       0000    000
                        0 00000000          0  0 000
                        0    0    0 000000    00
                        0 0      0     00        0
                                  0               0 0
                                                   0
        